9483
7816
7895
457
1451
6210
5986
6713
1924
5169
5453
4532
9386
3075
891
6034
5534
5868
7760
9872
9290
3852
1201
3851
2522
1436
1783
3946
8168
3711
4277
2499
7505
2927
1552
9006
8750
3510
3710
4207
5136
8217
7890
6001
8161
5580
5171
3735
8877
9125
4898
3246
8364
4882
6159
8285
7563
7015
1084
237
6496
5804
5504
2781
4663
7659
9323
8445
7915
8749
9550
8063
1332
5423
6907
4993
6639
6748
6035
288
6279
3136
4948
9620
7399
8098
5085
8003
3472
4714
4268
4541
511
8531
9754
6624
2491
1280
2187
3515
9048
6248
727
533
4566
3808
1346
1350
115
2326
124
9525
1400
8650
890
969
9838
8550
2871
8018
5695
7199
6917
8046
6301
4621
4440
8910
4907
4090
6736
2292
6087
4125
479
3073
5141
2997
2729
3085
8231
8280
7448
2716
8326
6500
3820
8269
3651
3383
6187
4798
9023
2941
6467
2843
3815
565
7546
1029
5624
4772
4151
9443
2249
6661
6530
5988
6345
7283
2669
1975
6417
469
6884
3469
6005
8460
9241
7353
1949
7745
4182
9929
8019
7808
3347
1855
6615
7411
5550
8222
2220
5215
6215
2314
9732
7254
4358
1204
3790
5981
3986
4374
9139
8291
1126
5576
3023
787
5546
3240
8495
8509
1834
4567
9585
2362
5056
4633
4452
8153
2862
8414
6298
1143
6414
5663
6004
2814
1129
6217
8197
84
5647
8451
6337
6251
8597
8102
9666
9409
4329
1058
9711
7027
1101
7907
6974
3879
4186
4469
8716
126
8788
7804
436
4668
6324
7105
4671
1502
8194
5755
1476
8263
6195
2655
282
5931
4285
3058
3890
5328
8869
4808
5
8401
8226
5336
7998
2066
2392
6928
5653
2727
6155
2886
9689
1220
3668
6903
9259
8642
4287
344
7355
7425
1357
6925
349
4316
3495
2308
9495
5803
6960
1722
1930
31
6105
9818
2358
4501
8371
8323
2218
5745
2549
6209
9559
5513
1560
951
699
241
8061
9427
3520
9976
9865
2704
6403
9968
7620
8649
7763
8690
4844
3013
9476
6983
3057
647
1922
1267
8784
806
4251
6258
8
6799
6490
6199
3451
3183
398
1452
1178
3985
7422
9024
3728
9254
4586
6857
6389
5448
2156
8355
3406
6936
2017
3577
2145
1760
437
343
9402
414
8835
9349
5638
4682
1160
9316
561
3327
4947
3338
5177
7739
6729
3535
7684
2668
9036
4475
1742
6597
518
3968
7294
3940
5263
3647
4343
2431
4153
8583
261
9788
9300
9640
2152
5520
5777
9163
3158
6360
652
2020
4442
5297
5298
1150
6207
9474
6112
6480
4245
3260
4670
7849
4926
6911
5807
8042
4865
7118
1039
1107
7962
6465
2379
6585
9813
4258
2532
7693
145
7153
217
7313
4809
4060
664
1542
7037
5685
3074
4502
3526
7827
5711
5808
8890
6014
9708
7384
8297
1847
25
284
9773
6747
3543
746
6433
560
6376
7039
6627
8797
2021
8871
7062
2336
3967
9766
628
9107
192
5863
3027
3142
5958
8303
9759
3955
